6
38
42
38
42
0
40
0
33
23
6
16
25
19
6
40
2
19
39
21
43
25
25
48
45
26
8
6
12
25
29
38
42
29
2
25
18
46
19
0
26
1
2
19
25
42
12
10
35
35
27
42
4
38
34
12
23
0
39
6
50
46
6
15
25
27
25
1
15
39
0
0
39
25
5
0
36
24
42
50
3
39
42
43
50
27
40
6
40
25
2
25
43
43
15
16
27
42
4
25
16
16
0
12
19
28
44
39
4
23
46
43
33
36
37
27
16
4
9
10
19
5
4
46
13
0
0
0
27
25
44
25
29
25
4
38
34
2
26
15
19
12
12
15
12
6
10
15
8
12
25
26
6
16
4
35
0
0
47
0
42
19
22
25
43
17
36
25
38
2
42
23
43
10
42
0
27
43
38
25
25
23
47
34
8
33
21
0
0
6
16
48
16
6
25
10
4
33
15
38
41
12
40
8
6
42
46
27
44
45
33
27
23
39
39
50
29
5
42
27
21
42
43
15
43
25
40
43
25
15
42
27
39
25
29
50
23
19
16
0
17
12
40
40
12
6
19
38
6
16
36
19
9
39
12
40
15
42
16
16
43
10
16
6
1
34
25
38
4
42
39
33
4
19
33
43
42
38
8
34
43
0
39
42
21
16
22
42
0
15
0
16
42
48
42
42
24
38
50
46
40
25
9
38
40
0
19
1
25
27
27
38
4
25
10
15
9
0
26
18
34
5
0
42
36
19
43
21
38
42
0
6
0
26
25
26
0
43
42
36
41
6
19
39
48
23
23
10
6
6
8
37
39
39
15
47
0
16
18
16
0
15
25
30
18
15
47
43
8
19
12
43
25
0
6
20
8
38
2
26
40
42
41
43
39
9
0
19
41
38
40
34
28
5
0
38
27
20
35
6
39
19
42
9
46
21
16
42
11
49
12
21
27
33
4
43
39
38
18
10
48
16
10
36
17
23
12
40
21
12
40
42
10
19
25
19
25
4
38
23
2
27
25
32
27
6
40
25
42
23
2
10
0
27
25
6
26
15
42
42
42
27
40
35
25
0
4
12
40
50
25
33
6
39
8
15
23
39
12
26
25
40
42
42
25
38
48
40
17
16
19
0
36
25
40
16
50
0
27
39
42
25
23
0
4
3
19
4
15
42
46
25
43
16
43
35
15
5
0
33
42
25
49
35
23
9
39
24
16
21
4
26
35
38
23
12
10
38
43
42
26
34
16
42
0
10
42
27
49
36
42
20
42
16
17
42
19
8
34
39
25
46
6
9
33
16
42
25
6
0
8
12
42
2
0
27
2
40
42
10
4
4
39
0
0
6
42
19
25
16
28
9
47
9
29
38
21
42
8
26
38
21
9
49
35
0
6
25
34
25
9
17
25
42
5
25
45
8
2
33
25
42
0
42
40
40
25
25
42
20
38
35
4
25
25
39
0
0
38
23
27
9
43
0
25
6
39
44
27
49
38
0
6
19
27
19
46
3
42
4
16
2
0
23
38
27
12
39
25
15
19
19
33
33
39
20
43
8
25
12
39
48
42
50
8
29
15
38
18
42
6
5
23
43
19
6
23
0
50
44
40
3
43
25
16
5
39
38
12
21
25
46
42
23
15
16
4
17
36
19
38
42
19
40
17
33
19
42
19
42
16
45
29
40
40
4
26
12
38
0
39
0
39
50
35
25
4
19
47
11
42
39
10
12
15
1
50
6
25
46
40
2
35
25
2
42
5
15
33
49
12
12
12
4
6
32
4
42
0
50
40
39
21
42
39
23
17
2
50
0
0
25
26
2
50
16
25
6
36
0
44
0
9
34
19
12
23
10
2
2
33
3
24
42
2
0
39
23
43
42
9
25
25
19
10
28
19
38
42
21
9
38
26
21
4
43
39
21
38
4
16
42
40
38
39
25
38
43
25
34
23
38
33
8
16
50
11
40
0
19
42
43
25
6
27
0
29
42
15
1
23
26
41
43
27
42
8
40
43
42
49
33
50
27
27
39
33
21
6
20
43
29
3
15
2
6
43
42
16
0
12
25
5
8
43
25
23
25
26
21
22
6
19
33
10
42
5
12
42
40
0
33
39
29
39
0
24
0
15
0
19
8
48
50
17
47
3
19
25
16
0
46
4
38
20
0
43
40
0
8
44
0
6
9
26
47
42
6
19
27
25
19
25
16
16
39
39
4
32
17
25
15
25
39
19
42
0
40
8
0
0
26
16
25
38
29
12
29
23
40
33
39
42
38
50
27
25
33
23
38
25
26
34
23
33
0
48
0
40
38
42
16
39
0
16
0
33
42
6
21
