4
11
42
38
42
24
40
40
40
49
43
49
42
35
11
42
0
23
26
16
46
38
9
23
31
0
22
15
15
1
13
38
43
49
0
42
10
43
35
42
0
35
39
0
40
39
42
23
34
18
43
45
50
30
31
12
44
42
39
10
40
27
23
10
23
16
49
2
0
9
10
12
39
38
30
11
36
11
45
10
0
31
0
13
11
44
11
10
24
25
43
11
3
45
44
9
35
42
4
42
39
16
15
0
4
9
42
43
14
23
19
37
28
45
3
0
23
10
36
6
43
6
23
40
42
28
11
49
15
11
23
30
35
3
10
38
31
34
42
18
42
12
0
26
12
23
40
5
49
12
30
16
36
39
0
17
16
42
11
12
16
0
0
35
26
44
10
0
42
7
0
11
46
49
44
0
16
35
0
38
7
0
18
16
33
23
4
23
4
16
42
43
10
2
13
2
12
9
35
45
18
6
0
34
43
16
35
10
44
3
31
11
0
42
37
0
23
9
15
19
46
0
10
45
37
49
15
26
17
9
11
44
43
39
31
26
45
16
34
11
11
0
10
30
7
13
9
38
18
23
36
19
40
31
49
40
43
39
39
0
5
6
16
19
49
42
7
2
50
42
47
32
45
19
33
49
42
47
44
40
28
45
49
27
37
3
17
42
42
35
30
2
38
38
42
45
18
35
12
13
45
0
16
37
40
43
0
11
25
10
15
13
4
23
43
37
0
44
1
23
3
26
37
44
34
44
42
13
9
0
0
4
0
26
9
43
42
42
24
18
10
35
47
1
22
23
4
23
42
42
8
35
22
0
42
42
20
3
43
36
42
15
42
11
3
15
37
36
44
17
0
13
45
26
38
42
8
15
38
11
40
35
42
1
39
49
12
2
0
0
24
42
8
10
12
3
10
43
35
42
30
30
45
50
32
37
43
26
40
23
49
2
16
43
50
22
9
15
11
44
49
29
10
26
42
45
49
24
16
0
34
11
15
10
31
10
0
4
0
11
18
40
30
32
10
24
2
17
35
38
39
10
25
0
38
16
7
35
26
34
11
18
33
0
16
38
4
49
24
40
49
38
45
37
44
38
16
10
12
34
0
10
42
38
35
39
42
40
0
0
0
12
29
25
44
23
38
37
42
9
16
35
30
3
42
9
42
4
35
34
18
2
10
33
3
9
3
35
34
38
31
36
34
10
11
36
39
16
39
31
4
42
30
38
42
12
10
0
46
49
0
28
30
42
10
35
45
35
9
16
37
23
1
42
13
38
35
35
23
16
13
16
9
11
45
42
19
18
45
2
23
2
42
42
34
3
43
32
0
10
4
49
5
39
34
39
15
33
38
45
42
26
18
16
9
0
30
42
3
38
43
39
26
49
37
0
32
33
0
25
18
42
38
36
20
38
45
49
34
25
0
39
10
14
38
11
0
34
18
20
30
42
49
11
9
23
0
42
38
23
37
2
26
11
17
24
38
16
26
12
2
42
46
3
2
15
42
0
42
12
45
3
17
40
38
12
23
10
11
37
38
22
40
0
11
34
43
12
42
12
18
31
11
0
39
43
0
38
31
7
1
10
38
42
30
3
4
31
4
11
7
46
19
40
10
28
16
50
4
45
0
13
0
42
38
30
4
6
36
19
24
42
10
10
28
37
46
18
10
45
33
42
0
34
40
35
13
23
0
0
6
7
35
12
35
8
4
35
37
15
0
10
24
1
14
26
49
18
38
49
40
17
15
42
39
7
6
33
2
11
12
26
12
4
32
6
1
45
11
44
11
16
13
15
18
46
36
38
42
36
39
26
12
37
42
26
10
0
16
3
42
0
15
37
18
12
23
19
30
15
35
49
30
44
39
0
27
13
46
34
16
39
42
22
14
20
43
16
0
36
8
35
35
45
4
3
30
31
44
49
49
23
18
3
23
0
42
33
38
34
30
9
7
49
26
11
11
23
15
31
0
34
0
34
1
42
2
30
10
18
22
3
16
13
26
30
0
40
43
38
0
22
45
19
42
16
2
31
38
45
22
44
49
12
26
10
27
42
2
9
28
0
3
22
6
30
42
42
18
4
23
43
22
43
35
38
31
44
38
11
16
20
19
4
37
0
4
7
36
42
0
8
0
4
11
2
9
34
30
45
13
23
12
2
18
0
10
10
44
49
24
45
20
0
10
0
42
23
11
16
42
19
0
39
39
15
13
4
3
0
16
3
11
38
19
2
28
3
36
40
34
39
42
16
42
19
12
10
13
45
0
19
26
18
35
19
16
16
38
11
39
25
22
4
38
42
11
31
0
21
33
42
43
10
23
0
10
44
33
4
